31.742654
Pt -3.484887 6.017471 24.004192 8.056963 1.406927 0.005 0.005 0.005
Pt -4.276161 3.289151 23.677086 6.070397 0.816732 0.005 0.005 0.005
Pt -4.347440 6.672450 23.931032 8.486349 0.772587 0.005 0.005 0.005
Pt -5.157170 0.916838 23.872898 4.373883 0.194164 0.005 0.005 0.005
Pt -5.157170 0.916838 23.872898 4.373883 0.194164 0.005 0.005 0.005
Pt -5.607887 0.741184 23.553894 4.268629 -0.135681 0.005 0.005 0.005
Pt -5.607887 0.741184 23.553894 4.268629 -0.135681 0.005 0.005 0.005
Pt -6.715937 3.839759 23.562754 6.403935 -0.871533 0.005 0.005 0.005
Pt 3.557229 3.046208 23.659309 5.943365 6.542840 0.005 0.005 0.005
Pt 3.557229 3.046208 23.659309 5.943365 6.542840 0.005 0.005 0.005
Pt 3.310808 4.099752 23.749222 6.733266 6.358120 0.005 0.005 0.005
Pt 3.239219 4.112045 23.753218 6.734216 6.309132 0.005 0.005 0.005
Pt 2.687928 2.759220 23.674147 5.740817 5.892038 0.005 0.005 0.005
Pt 1.966384 6.451659 23.966015 8.451371 5.389622 0.005 0.005 0.005
Pt -1.218115 5.353997 23.785545 7.588359 3.007383 0.005 0.005 0.005
Pt -1.787237 2.562054 23.814453 5.566931 2.585142 0.005 0.005 0.005
Pt -2.923725 5.297351 23.922274 7.531275 1.790396 0.005 0.005 0.005
Pt -2.896412 4.229065 23.767248 6.750293 1.791109 0.005 0.005 0.005
Pt -4.522756 6.708279 23.903002 8.510248 0.646561 0.005 0.005 0.005
Pt -4.621790 6.807815 23.885002 8.554184 0.580535 0.005 0.005 0.005
Pt -4.621790 6.807815 23.885002 8.554184 0.580535 0.005 0.005 0.005
Pt -6.892539 0.155683 23.574713 3.859862 -1.008309 0.005 0.005 0.005
Pt 3.666866 4.100443 23.741262 6.730515 6.621127 0.005 0.005 0.005
Pt 3.532456 4.006139 23.754251 6.653412 6.550189 0.005 0.005 0.005
Pt 3.499575 4.057323 23.731293 6.695412 6.499174 0.005 0.005 0.005
Pt 3.076636 4.064094 23.732210 6.696132 6.186173 0.005 0.005 0.005
Pt 3.029629 4.099592 23.749178 6.717101 6.151144 0.005 0.005 0.005
Pt 2.869088 4.167898 23.676186 6.775960 6.018103 0.005 0.005 0.005
Pt 2.853491 3.408122 23.653181 6.193879 5.989646 0.005 0.005 0.005
Pt 2.776715 4.171902 23.676170 6.759910 5.943145 0.005 0.005 0.005
Pt 1.231511 4.140187 23.760912 6.734904 4.797127 0.005 0.005 0.005
Pt -1.668250 3.135323 23.681484 5.960986 2.666829 0.005 0.005 0.005
Pt -1.967275 4.205597 23.770437 6.735866 2.468138 0.005 0.005 0.005
Pt -2.231050 4.213858 23.768389 6.735689 2.265133 0.005 0.005 0.005
Pt -2.335189 4.215136 23.770378 6.735621 2.187152 0.005 0.005 0.005
Pt -2.463771 3.756903 23.662359 6.416510 2.087443 0.005 0.005 0.005
Pt -2.612750 2.880697 23.687321 5.788421 1.980956 0.005 0.005 0.005
Pt -2.919837 6.674944 23.883245 8.504238 1.793554 0.005 0.005 0.005
Pt -2.976430 4.228949 23.769247 6.735232 1.734110 0.005 0.005 0.005
Pt -3.075962 4.231885 23.768225 6.735164 1.656130 0.005 0.005 0.005
Pt -4.138336 2.653616 23.695107 5.616462 0.901122 0.005 0.005 0.005
Pt -4.624795 3.192696 23.679035 5.991189 0.557819 0.005 0.005 0.005
Pt -4.693543 7.022609 23.922979 8.704185 0.557405 0.005 0.005 0.005
Pt -4.768626 7.026954 23.923969 8.704110 0.476377 0.005 0.005 0.005
Pt -5.046023 2.686982 23.691935 5.630935 0.267092 0.005 0.005 0.005
Pt -5.464573 4.279926 23.768885 6.749701 -0.010888 0.005 0.005 0.005
Pt -5.476521 3.107318 23.681879 5.911656 -0.037153 0.005 0.005 0.005
Pt -6.741217 0.323342 23.571712 3.981939 -0.913413 0.005 0.005 0.005
Pt -6.825493 4.046468 23.524729 6.551848 -0.956641 0.005 0.005 0.005
Pt 2.390449 4.119600 23.756071 6.734653 5.670139 0.005 0.005 0.005
Pt 2.064759 6.543988 23.955029 8.515424 5.463553 0.005 0.005 0.005
Pt 2.064113 6.417472 23.958052 8.432422 5.461628 0.005 0.005 0.005
Pt 1.997256 6.483086 23.973017 8.488388 5.428566 0.005 0.005 0.005
Pt 1.564779 5.397327 23.945944 7.674165 5.089270 0.005 0.005 0.005
Pt 1.508524 5.732999 23.951954 7.909095 5.036050 0.005 0.005 0.005
Pt -0.232326 4.968576 23.836662 7.325961 3.727618 0.005 0.005 0.005
Pt -1.313672 4.185423 23.770535 6.720267 2.930137 0.005 0.005 0.005
Pt -3.992557 5.115029 24.047085 7.404655 1.037493 0.005 0.005 0.005
Pt -5.365390 2.451363 23.819899 5.471713 0.056205 0.005 0.005 0.005
Pt -5.365390 2.451363 23.819899 5.471713 0.056205 0.005 0.005 0.005
Pt -5.412768 3.052717 23.683889 5.880686 0.020872 0.005 0.005 0.005
Pt -5.412768 3.052717 23.683889 5.880686 0.020872 0.005 0.005 0.005
Pt -5.469833 2.984942 23.685881 5.833647 -0.019077 0.005 0.005 0.005
Pt -5.535571 2.053271 23.540899 5.174632 -0.071463 0.005 0.005 0.005
Pt -5.537081 1.270853 23.544891 4.635652 -0.086018 0.005 0.005 0.005
Pt -5.537081 1.270853 23.544891 4.635652 -0.086018 0.005 0.005 0.005
Pt -5.546796 1.555769 23.532902 4.832627 -0.096178 0.005 0.005 0.005
Pt -5.564925 0.339713 23.564911 3.965659 -0.108431 0.005 0.005 0.005
Pt -5.889277 0.806545 23.553854 4.299436 -0.326699 0.005 0.005 0.005
Pt -6.764412 3.507073 23.541742 6.175891 -0.917315 0.005 0.005 0.005
Pt 1.931354 7.178170 24.023022 8.984372 5.387125 0.005 0.005 0.005
Pt -1.066597 5.829848 23.784571 7.902452 3.108107 0.005 0.005 0.005
Pt -2.594853 2.737751 23.693333 5.679430 1.993063 0.005 0.005 0.005
Pt -6.662423 3.773679 23.611692 6.384951 -0.830526 0.005 0.005 0.005
Pt -6.674510 3.487869 23.607737 6.161962 -0.845330 0.005 0.005 0.005
Pt -6.776538 3.762292 23.535748 6.363862 -0.919475 0.005 0.005 0.005
Pt -6.776538 3.762292 23.535748 6.363862 -0.919475 0.005 0.005 0.005
Pt 1.691263 5.121652 23.982964 7.487246 5.188424 0.005 0.005 0.005
Pt -0.048319 4.989002 23.818691 7.353114 3.857606 0.005 0.005 0.005
Pt -5.180451 2.392158 23.820892 5.424827 0.138247 0.005 0.005 0.005
Pt 0.313394 6.086852 23.803762 8.142292 4.133911 0.005 0.005 0.005
Pt -5.618620 1.687961 23.527876 4.924613 -0.132250 0.005 0.005 0.005
Pt -6.679002 3.959944 23.594728 6.491944 -0.845615 0.005 0.005 0.005
Pt 4.378193 3.855535 23.749401 6.539979 7.214329 0.005 0.005 0.005
Pt 1.928152 6.283185 23.957016 8.313361 5.382742 0.005 0.005 0.005
Pt 2.981072 5.905484 23.900169 8.059075 6.159953 0.005 0.005 0.005
Pt -5.304788 4.108867 23.772888 6.621796 0.071224 0.005 0.005 0.005
Pt -1.753039 6.013553 23.736464 8.084977 2.597966 0.005 0.005 0.005
Pt 4.800057 1.553278 23.678446 4.853247 7.498796 0.005 0.005 0.005
Pt 3.367242 4.012614 23.755245 6.654338 6.419205 0.005 0.005 0.005
Pt -3.484887 6.017471 24.004192 8.056963 1.406927 0.005 0.005 0.005
Pt -3.484887 6.017471 24.004192 8.056963 1.406927 0.005 0.005 0.005
Pt -4.078238 2.639854 23.695114 5.600518 0.937153 0.005 0.005 0.005
Pt -4.276161 3.289151 23.677086 6.070397 0.816732 0.005 0.005 0.005
Pt -4.276161 3.289151 23.677086 6.070397 0.816732 0.005 0.005 0.005
Pt -4.347440 6.672450 23.931032 8.486349 0.772587 0.005 0.005 0.005
Pt -5.157170 0.916838 23.872898 4.373883 0.194164 0.005 0.005 0.005
Pt -5.157170 0.916838 23.872898 4.373883 0.194164 0.005 0.005 0.005
Pt -5.607887 0.741184 23.553894 4.268629 -0.135681 0.005 0.005 0.005
Pt -5.607887 0.741184 23.553894 4.268629 -0.135681 0.005 0.005 0.005
Pt -6.715937 3.839759 23.562754 6.403935 -0.871533 0.005 0.005 0.005
Pt 3.557229 3.046208 23.659309 5.943365 6.542840 0.005 0.005 0.005
Pt 3.557229 3.046208 23.659309 5.943365 6.542840 0.005 0.005 0.005
Pt 3.557229 3.046208 23.659309 5.943365 6.542840 0.005 0.005 0.005
Pt 3.310808 4.099752 23.749222 6.733266 6.358120 0.005 0.005 0.005
Pt 3.239219 4.112045 23.753218 6.734216 6.309132 0.005 0.005 0.005
Pt 2.687928 2.759220 23.674147 5.740817 5.892038 0.005 0.005 0.005
Pt 2.687928 2.759220 23.674147 5.740817 5.892038 0.005 0.005 0.005
Pt 2.215888 4.126544 23.757063 6.734540 5.540141 0.005 0.005 0.005
Pt 2.039320 4.127452 23.758020 6.734428 5.411154 0.005 0.005 0.005
Pt 1.966384 6.451659 23.966015 8.451371 5.389622 0.005 0.005 0.005
Pt -0.863150 4.186575 23.688602 6.745553 3.263122 0.005 0.005 0.005
Pt -1.218115 5.353997 23.785545 7.588359 3.007383 0.005 0.005 0.005
Pt -1.787237 2.562054 23.814453 5.566931 2.585142 0.005 0.005 0.005
Pt -1.875845 2.615324 23.694441 5.601863 2.504147 0.005 0.005 0.005
Pt -2.923725 5.297351 23.922274 7.531275 1.790396 0.005 0.005 0.005
Pt -2.896412 4.229065 23.767248 6.750293 1.791109 0.005 0.005 0.005
Pt -3.716381 5.910928 24.036142 7.950783 1.232032 0.005 0.005 0.005
Pt -4.522756 6.708279 23.903002 8.510248 0.646561 0.005 0.005 0.005
Pt -4.497181 3.101975 23.680054 5.928257 0.644859 0.005 0.005 0.005
Pt -4.621790 6.807815 23.885002 8.554184 0.580535 0.005 0.005 0.005
Pt -4.621790 6.807815 23.885002 8.554184 0.580535 0.005 0.005 0.005
Pt -6.821838 1.344685 23.552700 4.681895 -0.961014 0.005 0.005 0.005
Pt -6.892539 0.155683 23.574713 3.859862 -1.008309 0.005 0.005 0.005
Pt 4.546386 3.525171 23.637396 6.303050 7.292540 0.005 0.005 0.005
Pt 4.198400 2.477455 23.795364 5.534829 7.068189 0.005 0.005 0.005
Pt 3.666866 4.100443 23.741262 6.730515 6.621127 0.005 0.005 0.005
Pt 3.532456 4.006139 23.754251 6.653412 6.550189 0.005 0.005 0.005
Pt 3.499575 4.057323 23.731293 6.695412 6.499174 0.005 0.005 0.005
Pt 3.076636 4.064094 23.732210 6.696132 6.186173 0.005 0.005 0.005
Pt 3.029629 4.099592 23.749178 6.717101 6.151144 0.005 0.005 0.005
Pt 2.869088 4.167898 23.676186 6.775960 6.018103 0.005 0.005 0.005
Pt 2.853491 3.408122 23.653181 6.193879 5.989646 0.005 0.005 0.005
Pt 2.853491 3.408122 23.653181 6.193879 5.989646 0.005 0.005 0.005
Pt 2.776715 4.171902 23.676170 6.759910 5.943145 0.005 0.005 0.005
Pt 1.973819 4.184527 23.679029 6.776360 5.336138 0.005 0.005 0.005
Pt 1.875795 4.186806 23.679014 6.760309 5.261132 0.005 0.005 0.005
Pt 1.231511 4.140187 23.760912 6.734904 4.797127 0.005 0.005 0.005
Pt 0.554915 4.208795 23.682791 6.760454 4.283132 0.005 0.005 0.005
Pt 0.519399 3.436210 23.663801 6.211379 4.250630 0.005 0.005 0.005
Pt -0.664866 4.180053 23.769621 6.736673 3.396130 0.005 0.005 0.005
Pt -1.653498 4.259329 23.685474 6.776043 2.669128 0.005 0.005 0.005
Pt -1.668250 3.135323 23.681484 5.960986 2.666829 0.005 0.005 0.005
Pt -1.967275 4.205597 23.770437 6.735866 2.468138 0.005 0.005 0.005
Pt -2.231050 4.213858 23.768389 6.735689 2.265133 0.005 0.005 0.005
Pt -2.335189 4.215136 23.770378 6.735621 2.187152 0.005 0.005 0.005
Pt -2.463771 3.756903 23.662359 6.416510 2.087443 0.005 0.005 0.005
Pt -2.612750 2.880697 23.687321 5.788421 1.980956 0.005 0.005 0.005
Pt -2.919837 6.674944 23.883245 8.504238 1.793554 0.005 0.005 0.005
Pt -2.976430 4.228949 23.769247 6.735232 1.734110 0.005 0.005 0.005
Pt -3.075962 4.231885 23.768225 6.735164 1.656130 0.005 0.005 0.005
Pt -3.266973 4.238827 23.767191 6.750062 1.526109 0.005 0.005 0.005
Pt -3.846292 2.576268 23.815159 5.566637 1.102147 0.005 0.005 0.005
Pt -4.032733 2.584142 23.816135 5.566530 0.980156 0.005 0.005 0.005
Pt -4.138336 2.653616 23.695107 5.616462 0.901122 0.005 0.005 0.005
Pt -4.293457 7.049225 23.931040 8.758390 0.810342 0.005 0.005 0.005
Pt -4.624795 3.192696 23.679035 5.991189 0.557819 0.005 0.005 0.005
Pt -4.693543 7.022609 23.922979 8.704185 0.557405 0.005 0.005 0.005
Pt -4.768626 7.026954 23.923969 8.704110 0.476377 0.005 0.005 0.005
Pt -4.781567 3.857558 23.658983 6.463096 0.451371 0.005 0.005 0.005
Pt -5.046023 2.686982 23.691935 5.630935 0.267092 0.005 0.005 0.005
Pt -5.464573 4.279926 23.768885 6.749701 -0.010888 0.005 0.005 0.005
Pt -5.476521 3.107318 23.681879 5.911656 -0.037153 0.005 0.005 0.005
Pt -6.741217 0.323342 23.571712 3.981939 -0.913413 0.005 0.005 0.005
Pt -6.764713 3.870724 23.530727 6.426889 -0.929544 0.005 0.005 0.005
Pt -6.825493 4.046468 23.524729 6.551848 -0.956641 0.005 0.005 0.005
Pt 4.537161 3.631834 23.634411 6.381038 7.275475 0.005 0.005 0.005
Pt 2.390449 4.119600 23.756071 6.734653 5.670139 0.005 0.005 0.005
Pt 2.064759 6.543988 23.955029 8.515424 5.463553 0.005 0.005 0.005
Pt 2.064113 6.417472 23.958052 8.432422 5.461628 0.005 0.005 0.005
Pt 1.997256 6.483086 23.973017 8.488388 5.428566 0.005 0.005 0.005
Pt 1.806088 5.387976 23.994003 7.673339 5.283273 0.005 0.005 0.005
Pt 1.798476 5.018931 24.007010 7.412328 5.288502 0.005 0.005 0.005
Pt 1.798476 5.018931 24.007010 7.412328 5.288502 0.005 0.005 0.005
Pt 1.875795 4.186806 23.679014 6.760309 5.261132 0.005 0.005 0.005
Pt 1.564779 5.397327 23.945944 7.674165 5.089270 0.005 0.005 0.005
Pt 1.508524 5.732999 23.951954 7.909095 5.036050 0.005 0.005 0.005
Pt 1.422096 5.030167 24.007946 7.412066 4.994483 0.005 0.005 0.005
Pt 1.073357 4.204898 23.681866 6.776788 4.660093 0.005 0.005 0.005
Pt -0.154808 4.921130 23.812687 7.285046 3.782647 0.005 0.005 0.005
Pt -0.154808 4.921130 23.812687 7.285046 3.782647 0.005 0.005 0.005
Pt -0.232326 4.968576 23.836662 7.325961 3.727618 0.005 0.005 0.005
Pt -1.313672 4.185423 23.770535 6.720267 2.930137 0.005 0.005 0.005
Pt -3.544392 5.253208 23.971144 7.496881 1.339408 0.005 0.005 0.005
Pt -3.992557 5.115029 24.047085 7.404655 1.037493 0.005 0.005 0.005
Pt -4.380749 6.550967 23.973034 8.400335 0.753658 0.005 0.005 0.005
Pt -5.275030 3.398762 23.671921 6.131776 0.113660 0.005 0.005 0.005
Pt -5.365390 2.451363 23.819899 5.471713 0.056205 0.005 0.005 0.005
Pt -5.365390 2.451363 23.819899 5.471713 0.056205 0.005 0.005 0.005
Pt -5.412768 3.052717 23.683889 5.880686 0.020872 0.005 0.005 0.005
Pt -5.412768 3.052717 23.683889 5.880686 0.020872 0.005 0.005 0.005
Pt -5.469833 2.984942 23.685881 5.833647 -0.019077 0.005 0.005 0.005
Pt -5.535571 2.053271 23.540899 5.174632 -0.071463 0.005 0.005 0.005
Pt -5.537081 1.270853 23.544891 4.635652 -0.086018 0.005 0.005 0.005
Pt -5.537081 1.270853 23.544891 4.635652 -0.086018 0.005 0.005 0.005
Pt -5.546796 1.555769 23.532902 4.832627 -0.096178 0.005 0.005 0.005
Pt -5.564925 0.339713 23.564911 3.965659 -0.108431 0.005 0.005 0.005
Pt -5.889277 0.806545 23.553854 4.299436 -0.326699 0.005 0.005 0.005
Pt -6.764412 3.507073 23.541742 6.175891 -0.917315 0.005 0.005 0.005
Pt 4.495917 2.459193 23.755428 5.526006 7.289195 0.005 0.005 0.005
Pt 4.531787 3.324198 23.643402 6.145031 7.269684 0.005 0.005 0.005
Pt 3.314872 3.468231 23.649273 6.241208 6.344566 0.005 0.005 0.005
Pt 1.931354 7.178170 24.023022 8.984372 5.387125 0.005 0.005 0.005
Pt -1.066597 5.829848 23.784571 7.902452 3.108107 0.005 0.005 0.005
Pt -2.594853 2.737751 23.693333 5.679430 1.993063 0.005 0.005 0.005
Pt -6.662423 3.773679 23.611692 6.384951 -0.830526 0.005 0.005 0.005
Pt -6.674510 3.487869 23.607737 6.161962 -0.845330 0.005 0.005 0.005
Pt -6.874387 3.535755 23.538710 6.190824 -0.981344 0.005 0.005 0.005
Pt -5.424833 0.364642 23.606936 3.988699 -0.012447 0.005 0.005 0.005
Pt -6.776538 3.762292 23.535748 6.363862 -0.919475 0.005 0.005 0.005
Pt -6.776538 3.762292 23.535748 6.363862 -0.919475 0.005 0.005 0.005
Pt -6.919678 3.733832 23.532711 6.331824 -0.997451 0.005 0.005 0.005
Pt 1.691263 5.121652 23.982964 7.487246 5.188424 0.005 0.005 0.005
Pt 1.116028 5.305741 23.980904 7.601914 4.778317 0.005 0.005 0.005
Pt -0.048319 4.989002 23.818691 7.353114 3.857606 0.005 0.005 0.005
Pt -4.174685 6.516421 23.931059 8.402457 0.905654 0.005 0.005 0.005
Pt -5.180451 2.392158 23.820892 5.424827 0.138247 0.005 0.005 0.005
Pt 0.313394 6.086852 23.803762 8.142292 4.133911 0.005 0.005 0.005
Pt -5.618620 1.687961 23.527876 4.924613 -0.132250 0.005 0.005 0.005
Pt -6.679002 3.959944 23.594728 6.491944 -0.845615 0.005 0.005 0.005
Pt 4.378193 3.855535 23.749401 6.539979 7.214329 0.005 0.005 0.005
Pt 1.928152 6.283185 23.957016 8.313361 5.382742 0.005 0.005 0.005
Pt 2.981072 5.905484 23.900169 8.059075 6.159953 0.005 0.005 0.005
Pt -2.305148 5.386241 23.938370 7.603667 2.211352 0.005 0.005 0.005
Pt -5.304788 4.108867 23.772888 6.621796 0.071224 0.005 0.005 0.005
Pt -1.753039 6.013553 23.736464 8.084977 2.597966 0.005 0.005 0.005
Pt -2.326224 4.493680 23.750378 6.907660 2.193989 0.005 0.005 0.005
Pt 3.367242 4.012614 23.755245 6.654338 6.419205 0.005 0.005 0.005
Pt -1.248533 5.045218 23.822544 7.353341 2.980567 0.005 0.005 0.005
Pt -3.484887 6.017471 24.004192 8.056963 1.406927 0.005 0.005 0.005
Pt -3.484887 6.017471 24.004192 8.056963 1.406927 0.005 0.005 0.005
Pt -4.078238 2.639854 23.695114 5.600518 0.937153 0.005 0.005 0.005
Pt -4.276161 3.289151 23.677086 6.070397 0.816732 0.005 0.005 0.005
Pt -4.276161 3.289151 23.677086 6.070397 0.816732 0.005 0.005 0.005
Pt -4.347440 6.672450 23.931032 8.486349 0.772587 0.005 0.005 0.005
Pt -5.152747 1.542562 23.651913 4.826901 0.191794 0.005 0.005 0.005
Pt -5.152747 1.542562 23.651913 4.826901 0.191794 0.005 0.005 0.005
Pt -5.157170 0.916838 23.872898 4.373883 0.194164 0.005 0.005 0.005
Pt -5.157170 0.916838 23.872898 4.373883 0.194164 0.005 0.005 0.005
Pt -5.607887 0.741184 23.553894 4.268629 -0.135681 0.005 0.005 0.005
Pt -5.607887 0.741184 23.553894 4.268629 -0.135681 0.005 0.005 0.005
Pt -6.715937 3.839759 23.562754 6.403935 -0.871533 0.005 0.005 0.005
Pt -6.715937 3.839759 23.562754 6.403935 -0.871533 0.005 0.005 0.005
Pt -6.815895 4.106908 23.522688 6.583941 -0.927681 0.005 0.005 0.005
Pt -6.783880 3.556497 23.538721 6.206855 -0.927356 0.005 0.005 0.005
Pt 4.874100 5.349188 23.562471 7.651252 7.515381 0.005 0.005 0.005
Pt 3.310808 4.099752 23.749222 6.733266 6.358120 0.005 0.005 0.005
Pt 3.239219 4.112045 23.753218 6.734216 6.309132 0.005 0.005 0.005
Pt 3.211103 3.371892 23.654236 6.179127 6.267627 0.005 0.005 0.005
Pt 3.170891 4.101482 23.752188 6.734174 6.260121 0.005 0.005 0.005
Pt 2.596138 6.430529 23.937119 8.441809 5.868628 0.005 0.005 0.005
Pt 2.215888 4.126544 23.757063 6.734540 5.540141 0.005 0.005 0.005
Pt 2.039320 4.127452 23.758020 6.734428 5.411154 0.005 0.005 0.005
Pt 1.966384 6.451659 23.966015 8.451371 5.389622 0.005 0.005 0.005
Pt 1.858349 4.129447 23.757992 6.734314 5.280146 0.005 0.005 0.005
Pt 1.313567 4.143676 23.760927 6.734960 4.862131 0.005 0.005 0.005
Pt 0.962552 4.152033 23.762846 6.735731 4.605123 0.005 0.005 0.005
Pt 0.163241 3.429375 23.665747 6.212151 3.997619 0.005 0.005 0.005
Pt -0.863150 4.186575 23.688602 6.745553 3.263122 0.005 0.005 0.005
Pt -1.218115 5.353997 23.785545 7.588359 3.007383 0.005 0.005 0.005
Pt -1.787237 2.562054 23.814453 5.566931 2.585142 0.005 0.005 0.005
Pt -1.875845 2.615324 23.694441 5.601863 2.504147 0.005 0.005 0.005
Pt -2.923725 5.297351 23.922274 7.531275 1.790396 0.005 0.005 0.005
Pt -2.896412 4.229065 23.767248 6.750293 1.791109 0.005 0.005 0.005
Pt -3.716381 5.910928 24.036142 7.950783 1.232032 0.005 0.005 0.005
Pt -3.791364 6.256274 24.000118 8.206684 1.170809 0.005 0.005 0.005
Pt -4.522756 6.708279 23.903002 8.510248 0.646561 0.005 0.005 0.005
Pt -4.497181 3.101975 23.680054 5.928257 0.644859 0.005 0.005 0.005
Pt -4.621790 6.807815 23.885002 8.554184 0.580535 0.005 0.005 0.005
Pt -4.621790 6.807815 23.885002 8.554184 0.580535 0.005 0.005 0.005
Pt -5.365232 4.288242 23.762901 6.763798 0.060100 0.005 0.005 0.005
Pt -6.821838 1.344685 23.552700 4.681895 -0.961014 0.005 0.005 0.005
Pt -6.892539 0.155683 23.574713 3.859862 -1.008309 0.005 0.005 0.005
Pt 3.666866 4.100443 23.741262 6.730515 6.621127 0.005 0.005 0.005
Pt 3.532456 4.006139 23.754251 6.653412 6.550189 0.005 0.005 0.005
Pt 3.499575 4.057323 23.731293 6.695412 6.499174 0.005 0.005 0.005
Pt 3.076636 4.064094 23.732210 6.696132 6.186173 0.005 0.005 0.005
Pt 3.029629 4.099592 23.749178 6.717101 6.151144 0.005 0.005 0.005
Pt 2.869088 4.167898 23.676186 6.775960 6.018103 0.005 0.005 0.005
Pt 2.831047 4.011545 23.758144 6.654974 6.008182 0.005 0.005 0.005
Pt 2.853491 3.408122 23.653181 6.193879 5.989646 0.005 0.005 0.005
Pt 2.853491 3.408122 23.653181 6.193879 5.989646 0.005 0.005 0.005
Pt 2.776715 4.171902 23.676170 6.759910 5.943145 0.005 0.005 0.005
Pt 2.613341 4.116755 23.756109 6.734810 5.850157 0.005 0.005 0.005
Pt 1.931354 7.178170 24.004011 8.994416 5.408124 0.005 0.005 0.005
Pt 1.973819 4.184527 23.679029 6.776360 5.336138 0.005 0.005 0.005
Pt 1.875795 4.186806 23.679014 6.760309 5.261132 0.005 0.005 0.005
Pt 1.231511 4.140187 23.760912 6.734904 4.797127 0.005 0.005 0.005
Pt 0.554915 4.208795 23.682791 6.760454 4.283132 0.005 0.005 0.005
Pt 0.519399 3.436210 23.663801 6.211379 4.250630 0.005 0.005 0.005
Pt -0.664866 4.180053 23.769621 6.736673 3.396130 0.005 0.005 0.005
Pt -1.653498 4.259329 23.685474 6.776043 2.669128 0.005 0.005 0.005
Pt -1.686230 4.201964 23.770477 6.736031 2.657155 0.005 0.005 0.005
Pt -1.668250 3.135323 23.681484 5.960986 2.666829 0.005 0.005 0.005
Pt -1.862966 4.202257 23.770451 6.735921 2.531144 0.005 0.005 0.005
Pt -1.967275 4.205597 23.770437 6.735866 2.468138 0.005 0.005 0.005
Pt -2.231050 4.213858 23.768389 6.735689 2.265133 0.005 0.005 0.005
Pt -2.335189 4.215136 23.770378 6.735621 2.187152 0.005 0.005 0.005
Pt -2.463771 3.756903 23.662359 6.416510 2.087443 0.005 0.005 0.005
Pt -2.607496 4.215051 23.768297 6.735463 1.999110 0.005 0.005 0.005
Pt -2.608021 3.042719 23.683344 5.898425 1.995860 0.005 0.005 0.005
Pt -2.612750 2.880697 23.687321 5.788421 1.980956 0.005 0.005 0.005
Pt -2.919837 6.674944 23.883245 8.504238 1.793554 0.005 0.005 0.005
Pt -2.976430 4.228949 23.769247 6.735232 1.734110 0.005 0.005 0.005
Pt -3.075962 4.231885 23.768225 6.735164 1.656130 0.005 0.005 0.005
Pt -3.266973 4.238827 23.767191 6.750062 1.526109 0.005 0.005 0.005
Pt -3.709692 6.247900 24.011158 8.194765 1.241816 0.005 0.005 0.005
Pt -3.846292 2.576268 23.815159 5.566637 1.102147 0.005 0.005 0.005
Pt -4.032733 2.584142 23.816135 5.566530 0.980156 0.005 0.005 0.005
Pt -4.138336 2.653616 23.695107 5.616462 0.901122 0.005 0.005 0.005
Pt -4.293457 7.049225 23.931040 8.758390 0.810342 0.005 0.005 0.005
Pt -4.293457 7.049225 23.931040 8.758390 0.810342 0.005 0.005 0.005
Pt -4.302429 6.628283 23.955061 8.444380 0.812608 0.005 0.005 0.005
Pt -4.624795 3.192696 23.679035 5.991189 0.557819 0.005 0.005 0.005
Pt -4.693543 7.022609 23.922979 8.704185 0.557405 0.005 0.005 0.005
Pt -4.768626 7.026954 23.923969 8.704110 0.476377 0.005 0.005 0.005
Pt -4.781567 3.857558 23.658983 6.463096 0.451371 0.005 0.005 0.005
Pt -4.781567 3.857558 23.658983 6.463096 0.451371 0.005 0.005 0.005
Pt -4.983990 1.670815 23.678932 4.924992 0.302715 0.005 0.005 0.005
Pt -5.046023 2.686982 23.691935 5.630935 0.267092 0.005 0.005 0.005
Pt -5.251163 0.399767 23.939880 4.013848 0.108441 0.005 0.005 0.005
Pt -5.464573 4.279926 23.768885 6.749701 -0.010888 0.005 0.005 0.005
Pt -5.476521 3.107318 23.681879 5.911656 -0.037153 0.005 0.005 0.005
Pt -6.741217 0.323342 23.571712 3.981939 -0.913413 0.005 0.005 0.005
Pt -6.764713 3.870724 23.530727 6.426889 -0.929544 0.005 0.005 0.005
Pt -6.825493 4.046468 23.524729 6.551848 -0.956641 0.005 0.005 0.005
Pt -7.071237 2.140638 23.052664 5.218726 -1.102408 0.005 0.005 0.005
Pt 4.676125 5.357353 23.682440 7.657173 7.397357 0.005 0.005 0.005
Pt 4.537161 3.631834 23.634411 6.381038 7.275475 0.005 0.005 0.005
Pt 2.390449 4.119600 23.756071 6.734653 5.670139 0.005 0.005 0.005
Pt 2.064759 6.543988 23.955029 8.515424 5.463553 0.005 0.005 0.005
Pt 2.064113 6.417472 23.958052 8.432422 5.461628 0.005 0.005 0.005
Pt 2.060211 6.163405 23.967049 8.249441 5.461785 0.005 0.005 0.005
Pt 1.997256 6.483086 23.973017 8.488388 5.428566 0.005 0.005 0.005
Pt 1.806088 5.387976 23.994003 7.673339 5.283273 0.005 0.005 0.005
Pt 1.875795 4.186806 23.679014 6.760309 5.261132 0.005 0.005 0.005
Pt 1.564779 5.397327 23.945944 7.674165 5.089270 0.005 0.005 0.005
Pt 1.508524 5.732999 23.951954 7.909095 5.036050 0.005 0.005 0.005
Pt 1.494495 5.089669 23.977949 7.452129 5.049443 0.005 0.005 0.005
Pt 1.422096 5.030167 24.007946 7.412066 4.994483 0.005 0.005 0.005
Pt 1.073357 4.204898 23.681866 6.776788 4.660093 0.005 0.005 0.005
Pt -0.154808 4.921130 23.812687 7.285046 3.782647 0.005 0.005 0.005
Pt -0.154808 4.921130 23.812687 7.285046 3.782647 0.005 0.005 0.005
Pt -0.232326 4.968576 23.836662 7.325961 3.727618 0.005 0.005 0.005
Pt -0.968221 2.538142 23.812584 5.551438 3.188153 0.005 0.005 0.005
Pt -1.313672 4.185423 23.770535 6.720267 2.930137 0.005 0.005 0.005
Pt -1.653498 4.259329 23.685478 6.776056 2.684127 0.005 0.005 0.005
Pt -3.539971 6.291011 23.939159 8.219858 1.344781 0.005 0.005 0.005
Pt -3.544392 5.253208 23.971144 7.496881 1.339408 0.005 0.005 0.005
Pt -3.992557 5.115029 24.047085 7.404655 1.037493 0.005 0.005 0.005
Pt -4.249203 6.371859 23.952053 8.274417 0.860764 0.005 0.005 0.005
Pt -4.380749 6.550967 23.973034 8.400335 0.753658 0.005 0.005 0.005
Pt -4.698586 4.261967 23.767984 6.750178 0.516139 0.005 0.005 0.005
Pt -5.275030 3.398762 23.671921 6.131776 0.113660 0.005 0.005 0.005
Pt -5.365390 2.451363 23.819899 5.471713 0.056205 0.005 0.005 0.005
Pt -5.365390 2.451363 23.819899 5.471713 0.056205 0.005 0.005 0.005
Pt -5.412768 3.052717 23.683889 5.880686 0.020872 0.005 0.005 0.005
Pt -5.412768 3.052717 23.683889 5.880686 0.020872 0.005 0.005 0.005
Pt -5.469833 2.984942 23.685881 5.833647 -0.019077 0.005 0.005 0.005
Pt -5.535571 2.053271 23.540899 5.174632 -0.071463 0.005 0.005 0.005
Pt -5.537081 1.270853 23.544891 4.635652 -0.086018 0.005 0.005 0.005
Pt -5.537081 1.270853 23.544891 4.635652 -0.086018 0.005 0.005 0.005
Pt -5.546796 1.555769 23.532902 4.832627 -0.096178 0.005 0.005 0.005
Pt -5.564925 0.339713 23.564911 3.965659 -0.108431 0.005 0.005 0.005
Pt -5.715029 5.059593 22.916889 7.308593 -0.181192 0.005 0.005 0.005
Pt -5.889277 0.806545 23.553854 4.299436 -0.326699 0.005 0.005 0.005
Pt -6.764412 3.507073 23.541742 6.175891 -0.917315 0.005 0.005 0.005
Pt 3.314872 3.468231 23.649273 6.241208 6.344566 0.005 0.005 0.005
Pt 1.931354 7.178170 24.023022 8.984372 5.387125 0.005 0.005 0.005
Pt -2.594853 2.737751 23.693333 5.679430 1.993063 0.005 0.005 0.005
Pt -6.662423 3.773679 23.611692 6.384951 -0.830526 0.005 0.005 0.005
Pt -6.674510 3.487869 23.607737 6.161962 -0.845330 0.005 0.005 0.005
Pt -6.874387 3.535755 23.538710 6.190824 -0.981344 0.005 0.005 0.005
Pt 0.492641 4.755469 23.814795 7.172426 4.261752 0.005 0.005 0.005
Pt -5.424833 0.364642 23.606936 3.988699 -0.012447 0.005 0.005 0.005
Pt -5.664048 0.884750 23.550867 4.360565 -0.174763 0.005 0.005 0.005
Pt -6.776538 3.762292 23.535748 6.363862 -0.919475 0.005 0.005 0.005
Pt -6.776538 3.762292 23.535748 6.363862 -0.919475 0.005 0.005 0.005
Pt -6.919678 3.733832 23.532711 6.331824 -0.997451 0.005 0.005 0.005
Pt 1.708972 5.687168 23.954975 7.876261 5.210106 0.005 0.005 0.005
Pt 1.116028 5.305741 23.980904 7.601914 4.778317 0.005 0.005 0.005
Pt -0.048319 4.989002 23.818691 7.353114 3.857606 0.005 0.005 0.005
Pt -4.174685 6.516421 23.931059 8.402457 0.905654 0.005 0.005 0.005
Pt -5.180451 2.392158 23.820892 5.424827 0.138247 0.005 0.005 0.005
Pt 0.313394 6.086852 23.803762 8.142292 4.133911 0.005 0.005 0.005
Pt -5.618620 1.687961 23.527876 4.924613 -0.132250 0.005 0.005 0.005
Pt -6.679002 3.959944 23.594728 6.491944 -0.845615 0.005 0.005 0.005
Pt 1.928152 6.283185 23.957016 8.313361 5.382742 0.005 0.005 0.005
Pt 2.981072 5.905484 23.900169 8.059075 6.159953 0.005 0.005 0.005
Pt -2.305148 5.386241 23.938370 7.603667 2.211352 0.005 0.005 0.005
Pt -2.305148 5.386241 23.938370 7.603667 2.211352 0.005 0.005 0.005
Pt -5.304788 4.108867 23.772888 6.621796 0.071224 0.005 0.005 0.005
